2.309570000000000078e+01
2.199320000000000164e+01
2.170210000000000150e+01
2.201170000000000115e+01
2.177439999999999998e+01
2.176170000000000115e+01
2.197360000000000113e+01
2.174800000000000111e+01
2.139260000000000161e+01
2.185060000000000002e+01
2.135549999999999926e+01
2.105570000000000164e+01
2.050199999999999889e+01
2.007130000000000081e+01
1.985060000000000002e+01
2.008200000000000074e+01
2.002339999999999876e+01
1.970700000000000074e+01
2.034669999999999845e+01
1.988090000000000046e+01
2.006540000000000035e+01
2.067869999999999919e+01
2.132519999999999882e+01
2.132519999999999882e+01
2.196189999999999998e+01
2.133889999999999887e+01
2.091700000000000159e+01
1.979489999999999839e+01
1.897850000000000037e+01
1.847269999999999968e+01
1.836329999999999885e+01
1.810249999999999915e+01
1.837209999999999965e+01
1.809469999999999956e+01
1.835940000000000083e+01
1.830470000000000041e+01
1.829589999999999961e+01
1.818070000000000164e+01
1.821189999999999998e+01
1.803999999999999915e+01
1.828519999999999968e+01
1.791700000000000159e+01
1.815619999999999834e+01
1.775390000000000157e+01
1.771880000000000166e+01
1.774800000000000111e+01
1.787790000000000035e+01
1.738279999999999959e+01
1.741890000000000072e+01
1.721389999999999887e+01
1.723730000000000118e+01
1.717190000000000083e+01
1.758399999999999963e+01
1.765040000000000120e+01
1.728519999999999968e+01
1.711329999999999885e+01
1.720700000000000074e+01
1.715820000000000078e+01
1.688670000000000115e+01
1.703030000000000044e+01
1.715429999999999922e+01
1.741989999999999839e+01
1.739260000000000161e+01
1.745609999999999928e+01
1.722360000000000113e+01
1.703999999999999915e+01
1.717379999999999995e+01
1.732519999999999882e+01
1.699709999999999965e+01
1.693459999999999965e+01
1.656929999999999836e+01
1.662890000000000157e+01
1.683980000000000032e+01
1.692869999999999919e+01
1.655859999999999843e+01
1.673539999999999850e+01
1.697560000000000002e+01
1.722459999999999880e+01
1.729299999999999926e+01
1.699709999999999965e+01
1.723140000000000072e+01
1.713569999999999993e+01
1.674800000000000111e+01
1.671089999999999876e+01
1.670210000000000150e+01
1.704690000000000083e+01
1.679200000000000159e+01
1.698440000000000083e+01
1.683500000000000085e+01
1.676760000000000161e+01
1.643649999999999878e+01
1.600390000000000157e+01
1.621679999999999922e+01
1.631149999999999878e+01
1.643070000000000164e+01
1.690040000000000120e+01
1.632910000000000039e+01
1.581450000000000067e+01
1.601370000000000005e+01
1.638090000000000046e+01
1.658200000000000074e+01
1.605270000000000152e+01
1.626460000000000150e+01
1.649800000000000111e+01
1.610549999999999926e+01
1.660940000000000083e+01
1.626660000000000039e+01
1.630959999999999965e+01
1.620799999999999841e+01
1.622360000000000113e+01
1.634769999999999968e+01
1.618949999999999889e+01
1.593260000000000076e+01
1.572269999999999968e+01
1.596090000000000053e+01
1.628030000000000044e+01
1.658889999999999887e+01
1.602250000000000085e+01
1.654489999999999839e+01
1.592769999999999975e+01
1.579100000000000037e+01
1.644140000000000157e+01
1.585940000000000083e+01
1.653709999999999880e+01
1.581450000000000067e+01
1.593549999999999933e+01
1.559859999999999935e+01
1.615619999999999834e+01
1.598049999999999926e+01
1.553999999999999915e+01
1.551270000000000060e+01
1.602639999999999887e+01
1.614839999999999876e+01
1.584769999999999968e+01
1.573930000000000007e+01
1.619340000000000046e+01
1.574119999999999919e+01
1.573440000000000083e+01
1.563870000000000005e+01
1.574610000000000021e+01
1.602439999999999998e+01
1.566990000000000016e+01
1.574319999999999986e+01
1.545309999999999917e+01
1.578999999999999915e+01
1.579589999999999961e+01
1.561619999999999919e+01
1.579589999999999961e+01
1.584280000000000044e+01
1.576660000000000039e+01
1.587500000000000000e+01
1.565719999999999956e+01
1.600880000000000081e+01
1.584079999999999977e+01
1.575590000000000046e+01
1.553420000000000023e+01
1.571780000000000044e+01
1.545309999999999917e+01
1.605270000000000152e+01
1.566499999999999915e+01
1.565620000000000012e+01
1.577730000000000032e+01
1.596579999999999977e+01
1.595899999999999963e+01
1.562299999999999933e+01
1.604100000000000037e+01
1.568950000000000067e+01
1.580080000000000062e+01
1.555269999999999975e+01
1.585940000000000083e+01
1.560449999999999982e+01
1.590039999999999942e+01
1.553909999999999947e+01
1.585060000000000002e+01
1.519340000000000046e+01
1.540230000000000032e+01
1.547850000000000037e+01
1.562790000000000035e+01
1.546000000000000085e+01
1.548930000000000007e+01
1.524220000000000041e+01
1.549119999999999919e+01
1.565820000000000078e+01
1.532419999999999938e+01
1.548339999999999961e+01
1.568459999999999965e+01
1.549409999999999954e+01
1.573629999999999995e+01
1.617379999999999995e+01
1.571480000000000032e+01
1.523049999999999926e+01
1.546579999999999977e+01
1.544430000000000014e+01
1.604299999999999926e+01
1.549319999999999986e+01
1.521000000000000085e+01
1.541799999999999926e+01
1.562209999999999965e+01
1.529690000000000083e+01
1.544430000000000014e+01
1.569630000000000081e+01
1.557419999999999938e+01
1.557130000000000081e+01
1.562889999999999979e+01
1.513770000000000060e+01
1.551559999999999917e+01
1.513959999999999972e+01
1.521969999999999956e+01
1.561430000000000007e+01
1.513569999999999993e+01
1.543950000000000067e+01
1.542869999999999919e+01
1.565329999999999977e+01
1.583590000000000053e+01
1.528710000000000058e+01
1.555760000000000076e+01
1.569529999999999959e+01
1.571289999999999942e+01
1.508789999999999942e+01
1.499319999999999986e+01
1.560350000000000037e+01
1.518260000000000076e+01
1.575680000000000014e+01
1.543750000000000000e+01
1.524119999999999919e+01
1.532419999999999938e+01
1.510249999999999915e+01
1.576069999999999993e+01
1.509280000000000044e+01
1.478519999999999968e+01
1.501559999999999917e+01
1.530269999999999975e+01
1.467680000000000007e+01
1.480080000000000062e+01
1.527730000000000032e+01
1.512400000000000055e+01
1.520609999999999928e+01
1.532709999999999972e+01
1.511330000000000062e+01
1.539450000000000074e+01
1.507419999999999938e+01
1.520509999999999984e+01
1.526950000000000074e+01
1.515530000000000044e+01
1.540140000000000065e+01
1.523930000000000007e+01
1.528519999999999968e+01
1.510449999999999982e+01
1.477439999999999998e+01
1.513480000000000025e+01
1.496480000000000032e+01
1.476660000000000039e+01
1.464550000000000018e+01
1.489649999999999963e+01
1.495509999999999984e+01
1.501559999999999917e+01
1.537599999999999945e+01
1.536430000000000007e+01
1.482520000000000060e+01
1.494040000000000035e+01
1.518750000000000000e+01
1.493260000000000076e+01
1.498629999999999995e+01
1.462790000000000035e+01
1.502640000000000065e+01
1.446780000000000044e+01
1.520309999999999917e+01
1.468950000000000067e+01
1.456540000000000035e+01
1.478320000000000078e+01
1.475590000000000046e+01
1.444139999999999979e+01
1.480269999999999975e+01
1.492970000000000041e+01
1.451169999999999938e+01
1.468260000000000076e+01
1.495209999999999972e+01
1.497070000000000078e+01
1.467769999999999975e+01
1.463180000000000014e+01
1.495410000000000039e+01
1.471189999999999998e+01
1.478030000000000044e+01
1.496090000000000053e+01
1.529979999999999940e+01
1.499510000000000076e+01
1.521189999999999998e+01
1.449900000000000055e+01
1.471090000000000053e+01
1.484769999999999968e+01
1.501950000000000074e+01
1.485350000000000037e+01
1.477829999999999977e+01
1.499019999999999975e+01
1.511519999999999975e+01
1.488279999999999959e+01
1.500680000000000014e+01
1.474799999999999933e+01
1.492290000000000028e+01
1.492869999999999919e+01
1.506840000000000046e+01
1.491499999999999915e+01
1.500779999999999959e+01
1.457130000000000081e+01
1.493549999999999933e+01
1.489840000000000053e+01
1.470410000000000039e+01
1.502730000000000032e+01
1.486330000000000062e+01
1.484280000000000044e+01
1.457620000000000005e+01
1.477340000000000053e+01
1.490820000000000078e+01
1.475489999999999924e+01
1.510940000000000083e+01
1.515039999999999942e+01
1.436040000000000028e+01
1.437790000000000035e+01
1.472749999999999915e+01
1.460940000000000083e+01
1.478519999999999968e+01
1.501169999999999938e+01
1.534379999999999988e+01
1.477050000000000018e+01
1.430470000000000041e+01
1.437989999999999924e+01
1.464649999999999963e+01
1.514160000000000039e+01
1.473540000000000028e+01
1.425489999999999924e+01
1.424019999999999975e+01
1.433590000000000053e+01
1.454979999999999940e+01
1.471969999999999956e+01
1.482419999999999938e+01
1.502929999999999922e+01
1.488180000000000014e+01
1.426950000000000074e+01
1.464259999999999984e+01
1.446289999999999942e+01
1.441109999999999935e+01
1.459960000000000058e+01
1.467680000000000007e+01
1.459469999999999956e+01
1.451370000000000005e+01
1.453320000000000078e+01
1.451069999999999993e+01
1.465530000000000044e+01
1.488770000000000060e+01
1.432419999999999938e+01
1.456349999999999945e+01
1.470700000000000074e+01
1.459670000000000023e+01
1.454100000000000037e+01
1.457520000000000060e+01
1.439359999999999928e+01
1.438279999999999959e+01
1.423440000000000083e+01
1.450680000000000014e+01
1.458109999999999928e+01
1.473339999999999961e+01
1.413959999999999972e+01
1.440140000000000065e+01
1.401459999999999972e+01
1.472170000000000023e+01
1.474220000000000041e+01
1.480180000000000007e+01
1.505269999999999975e+01
1.482419999999999938e+01
1.434570000000000078e+01
1.456250000000000000e+01
1.438569999999999993e+01
1.485249999999999915e+01
1.452149999999999963e+01
1.465329999999999977e+01
1.414939999999999998e+01
1.425680000000000014e+01
1.446579999999999977e+01
1.462400000000000055e+01
1.460839999999999961e+01
1.426859999999999928e+01
1.465530000000000044e+01
1.459280000000000044e+01
1.426169999999999938e+01
1.465719999999999956e+01
1.443159999999999954e+01
1.451950000000000074e+01
1.452050000000000018e+01
1.502250000000000085e+01
1.494340000000000046e+01
1.467089999999999961e+01
1.477640000000000065e+01
1.457230000000000025e+01
1.465429999999999922e+01
1.459769999999999968e+01
1.428030000000000044e+01
1.423930000000000007e+01
1.466109999999999935e+01
1.458689999999999998e+01
1.439649999999999963e+01
1.449409999999999954e+01
1.432130000000000081e+01
1.447460000000000058e+01
1.482130000000000081e+01
1.450680000000000014e+01
1.448830000000000062e+01
1.496879999999999988e+01
1.433980000000000032e+01
1.397560000000000002e+01
1.445020000000000060e+01
1.446090000000000053e+01
1.494529999999999959e+01
1.423440000000000083e+01
1.412010000000000076e+01
1.487889999999999979e+01
1.454589999999999961e+01
1.486330000000000062e+01
1.441109999999999935e+01
1.470609999999999928e+01
1.427439999999999998e+01
1.444040000000000035e+01
1.417190000000000083e+01
1.427829999999999977e+01
1.412209999999999965e+01
1.463279999999999959e+01
1.464840000000000053e+01
1.481639999999999979e+01
1.450200000000000067e+01
1.402439999999999998e+01
1.419630000000000081e+01
1.411229999999999940e+01
1.429390000000000072e+01
1.427829999999999977e+01
1.433009999999999984e+01
1.491890000000000072e+01
1.506250000000000000e+01
1.427929999999999922e+01
1.453420000000000023e+01
1.462400000000000055e+01
1.418650000000000055e+01
1.454879999999999995e+01
1.417290000000000028e+01
1.453710000000000058e+01
1.466210000000000058e+01
1.446780000000000044e+01
1.461330000000000062e+01
1.448930000000000007e+01
1.470410000000000039e+01
1.465920000000000023e+01
1.437299999999999933e+01
1.456739999999999924e+01
1.456540000000000035e+01
1.440429999999999922e+01
1.477829999999999977e+01
1.489450000000000074e+01
1.412010000000000076e+01
1.451270000000000060e+01
1.472359999999999935e+01
1.378420000000000023e+01
1.451859999999999928e+01
1.476559999999999917e+01
1.513279999999999959e+01
1.475680000000000014e+01
1.491499999999999915e+01
1.486330000000000062e+01
1.548049999999999926e+01
1.543260000000000076e+01
1.522359999999999935e+01
1.458009999999999984e+01
1.519819999999999993e+01
1.474709999999999965e+01
1.433009999999999984e+01
1.463180000000000014e+01
1.443069999999999986e+01
1.451759999999999984e+01
1.439259999999999984e+01
1.428810000000000002e+01
1.442580000000000062e+01
1.488180000000000014e+01
1.464259999999999984e+01
1.472749999999999915e+01
1.422269999999999968e+01
1.500590000000000046e+01
1.493459999999999965e+01
1.529979999999999940e+01
1.551660000000000039e+01
1.579589999999999961e+01
1.523049999999999926e+01
1.521189999999999998e+01
1.547850000000000037e+01
1.560940000000000083e+01
1.565429999999999922e+01
1.583590000000000053e+01
1.573049999999999926e+01
1.609860000000000113e+01
1.595309999999999917e+01
1.573629999999999995e+01
1.587889999999999979e+01
1.573140000000000072e+01
1.579390000000000072e+01
1.548729999999999940e+01
1.525980000000000025e+01
1.556349999999999945e+01
1.550489999999999924e+01
1.591109999999999935e+01
1.591990000000000016e+01
1.617770000000000152e+01
1.621969999999999956e+01
1.562500000000000000e+01
1.530180000000000007e+01
1.566499999999999915e+01
1.636520000000000152e+01
1.668260000000000076e+01
1.680760000000000076e+01
1.672749999999999915e+01
1.657130000000000081e+01
1.609080000000000155e+01
1.610549999999999926e+01
1.660640000000000072e+01
1.728610000000000113e+01
1.711230000000000118e+01
1.708889999999999887e+01
1.685839999999999961e+01
1.626460000000000150e+01
1.646000000000000085e+01
1.645700000000000074e+01
1.636520000000000152e+01
1.658889999999999887e+01
1.687010000000000076e+01
1.724510000000000076e+01
1.727540000000000120e+01
1.756449999999999889e+01
1.783010000000000161e+01
1.822269999999999968e+01
1.855659999999999954e+01
1.884769999999999968e+01
1.869920000000000115e+01
1.850489999999999924e+01
1.829879999999999995e+01
1.825100000000000122e+01
1.870609999999999928e+01
1.892289999999999850e+01
1.939939999999999998e+01
1.985450000000000159e+01
2.038870000000000005e+01
2.032519999999999882e+01
2.029980000000000118e+01
2.118260000000000076e+01
2.188479999999999848e+01
2.282319999999999993e+01
2.395019999999999882e+01
2.443159999999999954e+01
2.390619999999999834e+01
2.374709999999999965e+01
2.350880000000000081e+01
2.421780000000000044e+01
2.480659999999999954e+01
2.548539999999999850e+01
2.591310000000000002e+01
2.580859999999999843e+01
2.601170000000000115e+01
2.574220000000000041e+01
2.524409999999999954e+01
2.541890000000000072e+01
2.631449999999999889e+01
2.717680000000000007e+01
2.811430000000000007e+01
2.784080000000000155e+01
2.773730000000000118e+01
2.798049999999999926e+01
2.765040000000000120e+01
2.832620000000000005e+01
2.853320000000000078e+01
2.932229999999999848e+01
3.018159999999999954e+01
3.034179999999999922e+01
3.053999999999999915e+01
3.049020000000000152e+01
2.978119999999999834e+01
3.018359999999999843e+01
3.069140000000000157e+01
3.081929999999999836e+01
3.039939999999999998e+01
2.952730000000000032e+01
2.851269999999999882e+01
2.781050000000000111e+01
2.733980000000000032e+01
2.757910000000000039e+01
2.762209999999999965e+01
2.672560000000000002e+01
2.614450000000000074e+01
2.498239999999999839e+01
2.426170000000000115e+01
2.377439999999999998e+01
2.374119999999999919e+01
2.355470000000000041e+01
2.287989999999999924e+01
2.235640000000000072e+01
2.154299999999999926e+01
2.083109999999999928e+01
2.035350000000000037e+01
2.053119999999999834e+01
1.970799999999999841e+01
2.002830000000000155e+01
1.960549999999999926e+01
1.893459999999999965e+01
1.900489999999999924e+01
1.825290000000000035e+01
1.846480000000000032e+01
1.785940000000000083e+01
1.752830000000000155e+01
1.783010000000000161e+01
1.772269999999999968e+01
1.779100000000000037e+01
1.736230000000000118e+01
1.771000000000000085e+01
1.718750000000000000e+01
1.709959999999999880e+01
1.752439999999999998e+01
1.723829999999999885e+01
1.712109999999999843e+01
1.695510000000000161e+01
1.721389999999999887e+01
1.675100000000000122e+01
1.670799999999999841e+01
1.703910000000000124e+01
1.717680000000000007e+01
1.678419999999999845e+01
1.622660000000000124e+01
1.591799999999999926e+01
1.573830000000000062e+01
1.611520000000000152e+01
1.620120000000000005e+01
1.596879999999999988e+01
1.573930000000000007e+01
1.591409999999999947e+01
1.642289999999999850e+01
1.596289999999999942e+01
1.583500000000000085e+01
1.568069999999999986e+01
1.506150000000000055e+01
1.507419999999999938e+01
1.528120000000000012e+01
1.504690000000000083e+01
1.514649999999999963e+01
1.521000000000000085e+01
1.561519999999999975e+01
1.455080000000000062e+01
1.506250000000000000e+01
1.488180000000000014e+01
1.535740000000000016e+01
1.578219999999999956e+01
1.516890000000000072e+01
1.490429999999999922e+01
1.473830000000000062e+01
1.481150000000000055e+01
1.498930000000000007e+01
1.469730000000000025e+01
1.468849999999999945e+01
1.443750000000000000e+01
1.445309999999999917e+01
1.454490000000000016e+01
1.422749999999999915e+01
1.452539999999999942e+01
1.461819999999999986e+01
1.471579999999999977e+01
1.495020000000000060e+01
1.503420000000000023e+01
1.518069999999999986e+01
1.456450000000000067e+01
1.459179999999999922e+01
1.446289999999999942e+01
1.446679999999999922e+01
1.493459999999999965e+01
1.435940000000000083e+01
1.441499999999999915e+01
1.427929999999999922e+01
1.414450000000000074e+01
1.446969999999999956e+01
1.392580000000000062e+01
1.394340000000000046e+01
1.420410000000000039e+01
1.385060000000000002e+01
1.390530000000000044e+01
1.370410000000000039e+01
1.384859999999999935e+01
1.410060000000000002e+01
1.397560000000000002e+01
1.392970000000000041e+01
1.432230000000000025e+01
1.394340000000000046e+01
1.434570000000000078e+01
1.421969999999999956e+01
1.431150000000000055e+01
1.440719999999999956e+01
1.410060000000000002e+01
1.392869999999999919e+01
1.444630000000000081e+01
1.417379999999999995e+01
1.372269999999999968e+01
1.387010000000000076e+01
1.366210000000000058e+01
1.380369999999999919e+01
1.358399999999999963e+01
1.364750000000000085e+01
1.372749999999999915e+01
1.405470000000000041e+01
1.367869999999999919e+01
1.383109999999999928e+01
1.372070000000000078e+01
1.403810000000000002e+01
1.376370000000000005e+01
1.339550000000000018e+01
1.323049999999999926e+01
1.316799999999999926e+01
1.396780000000000044e+01
1.374220000000000041e+01
1.416019999999999968e+01
1.383890000000000065e+01
1.390230000000000032e+01
1.385640000000000072e+01
1.378519999999999968e+01
1.373339999999999961e+01
1.316799999999999926e+01
1.317190000000000083e+01
1.366499999999999915e+01
1.372560000000000002e+01
1.377730000000000032e+01
1.321189999999999998e+01
1.301660000000000039e+01
1.332620000000000005e+01
1.365140000000000065e+01
1.321390000000000065e+01
1.356840000000000046e+01
1.373049999999999926e+01
1.340429999999999922e+01
1.367089999999999961e+01
1.317769999999999975e+01
1.287889999999999979e+01
1.269529999999999959e+01
1.321879999999999988e+01
1.351270000000000060e+01
1.354589999999999961e+01
1.318650000000000055e+01
1.301169999999999938e+01
1.338669999999999938e+01
1.323729999999999940e+01
1.372460000000000058e+01
1.366109999999999935e+01
1.361040000000000028e+01
1.365230000000000032e+01
1.309469999999999956e+01
1.297170000000000023e+01
1.351370000000000005e+01
1.331049999999999933e+01
1.376759999999999984e+01
1.362400000000000055e+01
1.404490000000000016e+01
1.354589999999999961e+01
1.358109999999999928e+01
1.349319999999999986e+01
1.331349999999999945e+01
1.369239999999999924e+01
1.324900000000000055e+01
1.308109999999999928e+01
1.322659999999999947e+01
1.358200000000000074e+01
1.344040000000000035e+01
1.331840000000000046e+01
1.328609999999999935e+01
1.345209999999999972e+01
1.325099999999999945e+01
1.356349999999999945e+01
1.370609999999999928e+01
1.357809999999999917e+01
1.290230000000000032e+01
1.346879999999999988e+01
1.352340000000000053e+01
1.310350000000000037e+01
1.340329999999999977e+01
1.314259999999999984e+01
1.299510000000000076e+01
1.333689999999999998e+01
1.383980000000000032e+01
1.319430000000000014e+01
1.326759999999999984e+01
1.336430000000000007e+01
1.310549999999999926e+01
1.364550000000000018e+01
1.340920000000000023e+01
1.318459999999999965e+01
1.287790000000000035e+01
1.306450000000000067e+01
1.352730000000000032e+01
1.347850000000000037e+01
1.368650000000000055e+01
1.324799999999999933e+01
1.338279999999999959e+01
1.315429999999999922e+01
1.345509999999999984e+01
1.279690000000000083e+01
1.267580000000000062e+01
1.284960000000000058e+01
1.335640000000000072e+01
1.326270000000000060e+01
1.328609999999999935e+01
1.329879999999999995e+01
1.321879999999999988e+01
1.337500000000000000e+01
1.347949999999999982e+01
1.289649999999999963e+01
1.292379999999999995e+01
1.356840000000000046e+01
1.369819999999999993e+01
1.348440000000000083e+01
1.307319999999999993e+01
1.319239999999999924e+01
1.304790000000000028e+01
1.284859999999999935e+01
1.335549999999999926e+01
1.324019999999999975e+01
1.348629999999999995e+01
1.367089999999999961e+01
1.305180000000000007e+01
1.308789999999999942e+01
1.304790000000000028e+01
1.322359999999999935e+01
1.356150000000000055e+01
1.395209999999999972e+01
1.369630000000000081e+01
1.336330000000000062e+01
1.373830000000000062e+01
1.317769999999999975e+01
1.285449999999999982e+01
1.270120000000000005e+01
1.307319999999999993e+01
1.349319999999999986e+01
1.359469999999999956e+01
1.286430000000000007e+01
1.329690000000000083e+01
1.350779999999999959e+01
1.383500000000000085e+01
1.350290000000000035e+01
1.353320000000000078e+01
1.325880000000000081e+01
1.310839999999999961e+01
1.329299999999999926e+01
1.305860000000000021e+01
1.290329999999999977e+01
1.271780000000000044e+01
1.289359999999999928e+01
1.330659999999999954e+01
1.315530000000000044e+01
1.310060000000000002e+01
1.306639999999999979e+01
1.318549999999999933e+01
1.314840000000000053e+01
1.309570000000000078e+01
1.310350000000000037e+01
1.355569999999999986e+01
1.380180000000000007e+01
1.361819999999999986e+01
1.400099999999999945e+01
1.388959999999999972e+01
1.377640000000000065e+01
1.345020000000000060e+01
1.371189999999999998e+01
1.348339999999999961e+01
1.374019999999999975e+01
1.328810000000000002e+01
1.348830000000000062e+01
1.303030000000000044e+01
1.310549999999999926e+01
1.321090000000000053e+01
1.298049999999999926e+01
1.317190000000000083e+01
1.324220000000000041e+01
1.354879999999999995e+01
1.363090000000000046e+01
1.379299999999999926e+01
1.349900000000000055e+01
1.331450000000000067e+01
1.330860000000000021e+01
1.328219999999999956e+01
1.332029999999999959e+01
1.316499999999999915e+01
1.362989999999999924e+01
1.307029999999999959e+01
1.313870000000000005e+01
1.299799999999999933e+01
1.341310000000000002e+01
1.298930000000000007e+01
1.310640000000000072e+01
1.316210000000000058e+01
1.311430000000000007e+01
1.312110000000000021e+01
1.320509999999999984e+01
1.340230000000000032e+01
1.320899999999999963e+01
1.345800000000000018e+01
1.341799999999999926e+01
1.360449999999999982e+01
1.374709999999999965e+01
1.332620000000000005e+01
1.372749999999999915e+01
1.406150000000000055e+01
1.361129999999999995e+01
1.355569999999999986e+01
1.395509999999999984e+01
1.428810000000000002e+01
1.376169999999999938e+01
1.422949999999999982e+01
1.401270000000000060e+01
1.357709999999999972e+01
1.343260000000000076e+01
1.384670000000000023e+01
1.381930000000000014e+01
1.405080000000000062e+01
1.409960000000000058e+01
1.391109999999999935e+01
1.416799999999999926e+01
1.446879999999999988e+01
1.444529999999999959e+01
1.414649999999999963e+01
1.434280000000000044e+01
1.411040000000000028e+01
1.421090000000000053e+01
1.338870000000000005e+01
1.330369999999999919e+01
1.357809999999999917e+01
1.336430000000000007e+01
1.387400000000000055e+01
1.396780000000000044e+01
1.373830000000000062e+01
1.389550000000000018e+01
1.399709999999999965e+01
1.399799999999999933e+01
1.430860000000000021e+01
1.409179999999999922e+01
1.410740000000000016e+01
1.462500000000000000e+01
1.519139999999999979e+01
1.491499999999999915e+01
1.380369999999999919e+01
1.373540000000000028e+01
1.391310000000000002e+01
1.406540000000000035e+01
1.322359999999999935e+01
1.342190000000000083e+01
1.335940000000000083e+01
1.375880000000000081e+01
1.399409999999999954e+01
1.362790000000000035e+01
1.412700000000000067e+01
1.399709999999999965e+01
1.394040000000000035e+01
1.417479999999999940e+01
1.423440000000000083e+01
1.400290000000000035e+01
1.433200000000000074e+01
1.469919999999999938e+01
1.410640000000000072e+01
1.408109999999999928e+01
1.377439999999999998e+01
1.423729999999999940e+01
1.412010000000000076e+01
1.416699999999999982e+01
1.401270000000000060e+01
1.370410000000000039e+01
1.407520000000000060e+01
1.435640000000000072e+01
1.429100000000000037e+01
1.392680000000000007e+01
1.389750000000000085e+01
1.455959999999999965e+01
1.429100000000000037e+01
1.400389999999999979e+01
1.440429999999999922e+01
1.430180000000000007e+01
1.386619999999999919e+01
1.409179999999999922e+01
1.390620000000000012e+01
1.383689999999999998e+01
1.393459999999999965e+01
1.396879999999999988e+01
1.404100000000000037e+01
1.434469999999999956e+01
1.421969999999999956e+01
1.438380000000000081e+01
1.370209999999999972e+01
1.361909999999999954e+01
1.399019999999999975e+01
1.358590000000000053e+01
1.421189999999999998e+01
1.451759999999999984e+01
1.479879999999999995e+01
1.464939999999999998e+01
1.446390000000000065e+01
1.436619999999999919e+01
1.464259999999999984e+01
1.425590000000000046e+01
1.389259999999999984e+01
1.378810000000000002e+01
1.428609999999999935e+01
1.454299999999999926e+01
1.401169999999999938e+01
1.360740000000000016e+01
1.343159999999999954e+01
1.398440000000000083e+01
1.405180000000000007e+01
1.416799999999999926e+01
1.368849999999999945e+01
1.347749999999999915e+01
1.366799999999999926e+01
1.359280000000000044e+01
1.395020000000000060e+01
1.369430000000000014e+01
1.376169999999999938e+01
1.345700000000000074e+01
1.419630000000000081e+01
1.428999999999999915e+01
1.376459999999999972e+01
1.403810000000000002e+01
1.355180000000000007e+01
1.364550000000000018e+01
1.400779999999999959e+01
1.354490000000000016e+01
1.329390000000000072e+01
1.344819999999999993e+01
1.325290000000000035e+01
1.320020000000000060e+01
1.363770000000000060e+01
1.389840000000000053e+01
1.390039999999999942e+01
1.361430000000000007e+01
1.346879999999999988e+01
1.375389999999999979e+01
1.364059999999999917e+01
1.376759999999999984e+01
1.409379999999999988e+01
1.352929999999999922e+01
1.352640000000000065e+01
1.353030000000000044e+01
1.365719999999999956e+01
1.336619999999999919e+01
1.311720000000000041e+01
1.340329999999999977e+01
1.389450000000000074e+01
1.325590000000000046e+01
1.363279999999999959e+01
1.360839999999999961e+01
1.330659999999999954e+01
1.296289999999999942e+01
1.319730000000000025e+01
1.289059999999999917e+01
1.318950000000000067e+01
1.311129999999999995e+01
1.303219999999999956e+01
1.305080000000000062e+01
1.321189999999999998e+01
1.345020000000000060e+01
1.333500000000000085e+01
1.304879999999999995e+01
1.327250000000000085e+01
1.311129999999999995e+01
1.312110000000000021e+01
1.278609999999999935e+01
1.285350000000000037e+01
1.322070000000000078e+01
1.308009999999999984e+01
1.279589999999999961e+01
1.256930000000000014e+01
1.312989999999999924e+01
1.316600000000000037e+01
1.295120000000000005e+01
1.297269999999999968e+01
1.281840000000000046e+01
1.309379999999999988e+01
1.330369999999999919e+01
1.310350000000000037e+01
1.325779999999999959e+01
1.332230000000000025e+01
1.350099999999999945e+01
1.354199999999999982e+01
1.346879999999999988e+01
1.388569999999999993e+01
1.368159999999999954e+01
1.425099999999999945e+01
1.501950000000000074e+01
1.525880000000000081e+01
1.597170000000000023e+01
1.632420000000000115e+01
1.691310000000000002e+01
1.771189999999999998e+01
1.950779999999999959e+01
1.975290000000000035e+01
2.027250000000000085e+01
1.992289999999999850e+01
1.973239999999999839e+01
1.898629999999999995e+01
1.674510000000000076e+01
1.583200000000000074e+01
1.437889999999999979e+01
1.352929999999999922e+01
1.328909999999999947e+01
1.318459999999999965e+01
1.319430000000000014e+01
1.302340000000000053e+01
1.305470000000000041e+01
1.298140000000000072e+01
1.290920000000000023e+01
1.294340000000000046e+01
1.303120000000000012e+01
1.284280000000000044e+01
1.303120000000000012e+01
1.309570000000000078e+01
1.310640000000000072e+01
1.297359999999999935e+01
1.336619999999999919e+01
1.308399999999999963e+01
1.354490000000000016e+01
1.323540000000000028e+01
1.366109999999999935e+01
1.341799999999999926e+01
1.352640000000000065e+01
1.336519999999999975e+01
1.328810000000000002e+01
1.310839999999999961e+01
1.307029999999999959e+01
1.268260000000000076e+01
1.326950000000000074e+01
1.295410000000000039e+01
1.272269999999999968e+01
1.287599999999999945e+01
1.283590000000000053e+01
1.312400000000000055e+01
1.296390000000000065e+01
1.298830000000000062e+01
1.304589999999999961e+01
1.267580000000000062e+01
1.242769999999999975e+01
1.297749999999999915e+01
1.289649999999999963e+01
1.308980000000000032e+01
1.292970000000000041e+01
1.313959999999999972e+01
1.270410000000000039e+01
1.258689999999999998e+01
1.253420000000000023e+01
1.287299999999999933e+01
1.260350000000000037e+01
1.287889999999999979e+01
1.262889999999999979e+01
1.306250000000000000e+01
1.310249999999999915e+01
1.246969999999999956e+01
1.294919999999999938e+01
1.276950000000000074e+01
1.259280000000000044e+01
1.256450000000000067e+01
1.239840000000000053e+01
1.291109999999999935e+01
1.282029999999999959e+01
1.242680000000000007e+01
1.292190000000000083e+01
1.287599999999999945e+01
1.265329999999999977e+01
1.292190000000000083e+01
1.265329999999999977e+01
1.255269999999999975e+01
1.285249999999999915e+01
1.250389999999999979e+01
1.267479999999999940e+01
1.228710000000000058e+01
1.275680000000000014e+01
1.274510000000000076e+01
1.243260000000000076e+01
1.298540000000000028e+01
1.242680000000000007e+01
1.325680000000000014e+01
1.292290000000000028e+01
1.310249999999999915e+01
1.317290000000000028e+01
1.288090000000000046e+01
1.308300000000000018e+01
1.241799999999999926e+01
1.275389999999999979e+01
1.254199999999999982e+01
1.269919999999999938e+01
1.230569999999999986e+01
1.258689999999999998e+01
1.272359999999999935e+01
1.260740000000000016e+01
1.307419999999999938e+01
1.363180000000000014e+01
1.284179999999999922e+01
1.276759999999999984e+01
1.270509999999999984e+01
1.276660000000000039e+01
1.285740000000000016e+01
1.268260000000000076e+01
1.280569999999999986e+01
1.307809999999999917e+01
1.284769999999999968e+01
1.273440000000000083e+01
1.265530000000000044e+01
1.267190000000000083e+01
1.316310000000000002e+01
1.333300000000000018e+01
1.269919999999999938e+01
1.256639999999999979e+01
1.253909999999999947e+01
1.229790000000000028e+01
1.258890000000000065e+01
1.306049999999999933e+01
1.327539999999999942e+01
1.307319999999999993e+01
1.306049999999999933e+01
1.320020000000000060e+01
1.266019999999999968e+01
1.260449999999999982e+01
1.306840000000000046e+01
1.326370000000000005e+01
1.338180000000000014e+01
1.282709999999999972e+01
1.281349999999999945e+01
1.299119999999999919e+01
1.281540000000000035e+01
1.313669999999999938e+01
1.335640000000000072e+01
1.320700000000000074e+01
1.310449999999999982e+01
1.286619999999999919e+01
1.296579999999999977e+01
1.309379999999999988e+01
1.281840000000000046e+01
1.370899999999999963e+01
1.272070000000000078e+01
1.333300000000000018e+01
1.348540000000000028e+01
1.337400000000000055e+01
1.350099999999999945e+01
1.359079999999999977e+01
1.364450000000000074e+01
1.373140000000000072e+01
1.348540000000000028e+01
1.443750000000000000e+01
1.363090000000000046e+01
1.323049999999999926e+01
1.397070000000000078e+01
1.348830000000000062e+01
1.357029999999999959e+01
1.369040000000000035e+01
1.389450000000000074e+01
1.426069999999999993e+01
1.394730000000000025e+01
1.379979999999999940e+01
1.401660000000000039e+01
1.386129999999999995e+01
1.404100000000000037e+01
1.425000000000000000e+01
1.435060000000000002e+01
1.438380000000000081e+01
1.445899999999999963e+01
1.444139999999999979e+01
1.456150000000000055e+01
1.446579999999999977e+01
1.471969999999999956e+01
1.475099999999999945e+01
1.485249999999999915e+01
1.458399999999999963e+01
1.511330000000000062e+01
1.544630000000000081e+01
1.540230000000000032e+01
1.545609999999999928e+01
1.537989999999999924e+01
1.534379999999999988e+01
1.566109999999999935e+01
1.544040000000000035e+01
1.589750000000000085e+01
